RUNNING THE L-BFGS-B CODE

it    = iteration number
nf    = number of function evaluations
nseg  = number of segments explored during the Cauchy search
nact  = number of active bounds at the generalized Cauchy point
sub   = manner in which the subspace minimization terminated:
        con = converged, bnd = a bound was reached
itls  = number of iterations performed in the line search
stepl = step length used
tstep = norm of the displacement (total step)
projg = norm of the projected gradient
f     = function value

           * * *

Machine precision = 2.220D-16
 N =       308308     M =          100

   it   nf  nseg  nact  sub  itls  stepl    tstep     projg        f
    0    1     -     -   -     -     -        -     1.640D+00  3.166D+02
    1    2     1     0  ---    0  9.7D-03  1.0D+00  1.241D+00  2.270D+02
    2    3     0     0  con    0  1.0D+00  2.9D+00  2.363D-01  9.954D+01
    3    4     0     0  con    0  1.0D+00  9.4D-01  1.303D-01  8.767D+01
    4    5     0     0  con    0  1.0D+00  1.1D+00  1.244D-01  8.129D+01
    5    6     0     0  con    0  1.0D+00  1.4D+00  1.168D-01  7.624D+01
    6    7     0     0  con    0  1.0D+00  3.8D+00  1.190D-01  6.510D+01
    7    8     0     0  con    0  1.0D+00  8.4D+00  1.346D-01  4.546D+01
    8   10     0     0  con    1  1.7D-01  2.3D+00  1.923D-01  4.104D+01
    9   11     0     0  con    0  1.0D+00  8.4D+00  9.410D-02  3.209D+01
   10   12     0     0  con    0  1.0D+00  2.7D+00  1.394D-01  3.120D+01
   11   13     0     0  con    0  1.0D+00  3.3D+00  1.049D-01  3.029D+01
   12   14     0     0  con    0  1.0D+00  6.7D+00  1.174D-01  2.962D+01
   13   15     0     0  con    0  1.0D+00  1.7D+00  6.464D-02  2.933D+01
   14   16     0     0  con    0  1.0D+00  2.8D-01  2.694D-02  2.926D+01
   15   17     0     0  con    0  1.0D+00  6.4D-01  3.254D-02  2.917D+01
   16   18     0     0  con    0  1.0D+00  1.2D+00  9.054D-02  2.901D+01
   17   19     0     0  con    0  1.0D+00  2.7D+00  1.352D-01  2.862D+01
   18   20     0     0  con    0  1.0D+00  3.4D+00  1.579D-01  2.814D+01
   19   22     0     0  con    1  1.6D-01  7.9D-01  1.389D-01  2.806D+01
   20   23     0     0  con    0  1.0D+00  1.3D+00  4.759D-02  2.779D+01
   21   24     0     0  con    0  1.0D+00  1.1D+00  3.591D-02  2.762D+01
   22   25     0     0  con    0  1.0D+00  1.6D+00  6.729D-02  2.745D+01
   23   26     0     0  con    0  1.0D+00  1.9D+00  9.936D-02  2.716D+01
   24   27     0     0  con    0  1.0D+00  4.1D+00  1.456D-01  2.642D+01
   25   29     0     0  con    1  4.8D-01  3.3D+00  1.398D-01  2.597D+01
   26   30     0     0  con    0  1.0D+00  4.3D+00  9.503D-02  2.524D+01
   27   31     0     0  con    0  1.0D+00  5.4D+00  1.012D-01  2.475D+01
   28   32     0     0  con    0  1.0D+00  3.4D+00  1.247D-01  2.450D+01
   29   33     0     0  con    0  1.0D+00  6.8D-01  9.032D-02  2.427D+01
   30   34     0     0  con    0  1.0D+00  6.1D+00  6.436D-02  2.284D+01
   31   35     0     0  con    0  1.0D+00  7.2D+00  1.673D-01  2.277D+01
   32   36     0     0  con    0  1.0D+00  2.3D+00  5.751D-02  2.176D+01
   33   37     0     0  con    0  1.0D+00  1.7D+00  3.699D-02  2.155D+01
   34   38     0     0  con    0  1.0D+00  1.8D+00  3.537D-02  2.141D+01
   35   39     0     0  con    0  1.0D+00  2.3D+00  4.866D-02  2.117D+01
   36   40     0     0  con    0  1.0D+00  2.8D+00  9.887D-02  2.078D+01
   37   41     0     0  con    0  1.0D+00  3.1D+00  1.136D-01  2.025D+01
   38   42     0     0  con    0  1.0D+00  6.2D+00  1.149D-01  1.971D+01
   39   43     0     0  con    0  1.0D+00  2.0D+00  5.481D-02  1.931D+01
   40   44     0     0  con    0  1.0D+00  1.3D+00  3.523D-02  1.915D+01
   41   45     0     0  con    0  1.0D+00  7.4D-01  2.867D-02  1.903D+01
   42   46     0     0  con    0  1.0D+00  1.1D+00  5.038D-02  1.888D+01
   43   47     0     0  con    0  1.0D+00  2.3D+00  7.651D-02  1.866D+01
   44   48     0     0  con    0  1.0D+00  2.6D+00  7.645D-02  1.850D+01
   45   49     0     0  con    0  1.0D+00  1.2D+00  5.547D-02  1.827D+01
   46   50     0     0  con    0  1.0D+00  2.5D+00  4.744D-02  1.792D+01
   47   51     0     0  con    0  1.0D+00  2.5D+00  1.107D-01  1.774D+01
   48   52     0     0  con    0  1.0D+00  1.2D+00  5.575D-02  1.756D+01
   49   53     0     0  con    0  1.0D+00  2.0D+00  4.727D-02  1.734D+01
   50   54     0     0  con    0  1.0D+00  7.9D-01  5.101D-02  1.726D+01
   51   55     0     0  con    0  1.0D+00  6.4D-01  3.882D-02  1.716D+01
   52   56     0     0  con    0  1.0D+00  1.6D+00  2.760D-02  1.697D+01
   53   57     0     0  con    0  1.0D+00  2.3D+00  9.378D-02  1.683D+01
   54   58     0     0  con    0  1.0D+00  1.3D+00  4.492D-02  1.670D+01
   55   59     0     0  con    0  1.0D+00  1.4D+00  3.704D-02  1.658D+01
   56   60     0     0  con    0  1.0D+00  1.3D+00  5.805D-02  1.649D+01
   57   61     0     0  con    0  1.0D+00  1.3D+00  2.467D-02  1.639D+01
   58   62     0     0  con    0  1.0D+00  1.1D+00  2.261D-02  1.631D+01
   59   63     0     0  con    0  1.0D+00  1.9D+00  3.608D-02  1.618D+01
   60   64     0     0  con    0  1.0D+00  1.8D+00  5.011D-02  1.605D+01
   61   65     0     0  con    0  1.0D+00  1.7D+00  5.020D-02  1.590D+01
   62   66     0     0  con    0  1.0D+00  2.3D+00  5.139D-02  1.574D+01
   63   67     0     0  con    0  1.0D+00  1.3D+00  4.014D-02  1.564D+01
   64   68     0     0  con    0  1.0D+00  4.8D-01  2.468D-02  1.556D+01
   65   69     0     0  con    0  1.0D+00  6.5D-01  1.980D-02  1.550D+01
   66   70     0     0  con    0  1.0D+00  6.3D-01  2.204D-02  1.546D+01
   67   71     0     0  con    0  1.0D+00  1.1D+00  3.608D-02  1.539D+01
   68   72     0     0  con    0  1.0D+00  1.3D+00  4.341D-02  1.531D+01
   69   73     0     0  con    0  1.0D+00  1.6D+00  3.983D-02  1.520D+01
   70   74     0     0  con    0  1.0D+00  1.6D+00  2.635D-02  1.510D+01
   71   75     0     0  con    0  1.0D+00  1.3D+00  3.069D-02  1.502D+01
   72   76     0     0  con    0  1.0D+00  1.1D+00  2.866D-02  1.497D+01
   73   77     0     0  con    0  1.0D+00  1.1D+00  2.469D-02  1.493D+01
   74   78     0     0  con    0  1.0D+00  1.5D+00  2.172D-02  1.487D+01
   75   79     0     0  con    0  1.0D+00  1.5D+00  2.380D-02  1.482D+01
   76   80     0     0  con    0  1.0D+00  1.4D+00  2.443D-02  1.475D+01
   77   81     0     0  con    0  1.0D+00  1.5D+00  2.848D-02  1.467D+01
   78   82     0     0  con    0  1.0D+00  1.2D+00  2.827D-02  1.461D+01
   79   83     0     0  con    0  1.0D+00  9.1D-01  2.377D-02  1.455D+01
   80   84     0     0  con    0  1.0D+00  6.0D-01  2.203D-02  1.452D+01
   81   85     0     0  con    0  1.0D+00  5.2D-01  2.127D-02  1.449D+01
   82   86     0     0  con    0  1.0D+00  8.2D-01  2.351D-02  1.446D+01
   83   87     0     0  con    0  1.0D+00  1.8D+00  3.423D-02  1.440D+01
   84   88     0     0  con    0  1.0D+00  2.7D+00  4.532D-02  1.433D+01
   85   89     0     0  con    0  1.0D+00  1.9D+00  2.340D-02  1.426D+01
   86   90     0     0  con    0  1.0D+00  8.7D-01  9.740D-03  1.420D+01
   87   91     0     0  con    0  1.0D+00  5.4D-01  1.799D-02  1.418D+01
   88   92     0     0  con    0  1.0D+00  3.4D-01  1.721D-02  1.416D+01
   89   93     0     0  con    0  1.0D+00  4.8D-01  1.381D-02  1.413D+01
   90   94     0     0  con    0  1.0D+00  9.5D-01  2.504D-02  1.409D+01
   91   95     0     0  con    0  1.0D+00  1.2D+00  3.318D-02  1.404D+01
   92   96     0     0  con    0  1.0D+00  2.2D+00  3.147D-02  1.399D+01
   93   97     0     0  con    0  1.0D+00  1.7D+00  2.303D-02  1.395D+01
   94   98     0     0  con    0  1.0D+00  6.2D-01  1.172D-02  1.393D+01
   95   99     0     0  con    0  1.0D+00  4.6D-01  9.483D-03  1.391D+01
   96  100     0     0  con    0  1.0D+00  5.5D-01  1.482D-02  1.389D+01
   97  101     0     0  con    0  1.0D+00  1.3D+00  2.171D-02  1.386D+01
   98  102     0     0  con    0  1.0D+00  1.8D+00  2.624D-02  1.381D+01
   99  103     0     0  con    0  1.0D+00  2.0D+00  1.852D-02  1.378D+01
  100  104     0     0  con    0  1.0D+00  4.2D-01  8.756D-03  1.375D+01
  101  105     0     0  con    0  1.0D+00  3.8D-01  7.427D-03  1.374D+01
  102  106     0     0  con    0  1.0D+00  3.2D-01  1.119D-02  1.372D+01
  103  107     0     0  con    0  1.0D+00  8.8D-01  1.924D-02  1.369D+01
  104  108     0     0  con    0  1.0D+00  1.7D+00  2.156D-02  1.365D+01
  105  109     0     0  con    0  1.0D+00  2.3D+00  1.507D-02  1.361D+01
  106  110     0     0  con    0  1.0D+00  1.1D+00  1.308D-02  1.359D+01
  107  111     0     0  con    0  1.0D+00  4.6D-01  1.374D-02  1.358D+01
  108  112     0     0  con    0  1.0D+00  2.6D-01  5.809D-03  1.357D+01
  109  113     0     0  con    0  1.0D+00  3.8D-01  6.793D-03  1.356D+01
  110  114     0     0  con    0  1.0D+00  8.3D-01  1.998D-02  1.354D+01
  111  115     0     0  con    0  1.0D+00  2.4D+00  4.521D-02  1.352D+01
  112  116     0     0  con    0  1.0D+00  7.2D-01  2.114D-02  1.347D+01
  113  117     0     0  con    0  1.0D+00  1.2D+00  1.329D-02  1.345D+01
  114  118     0     0  con    0  1.0D+00  5.0D-01  7.556D-03  1.344D+01
  115  119     0     0  con    0  1.0D+00  9.5D-01  1.076D-02  1.344D+01
  116  120     0     0  con    0  1.0D+00  6.7D-01  8.522D-03  1.343D+01
  117  121     0     0  con    0  1.0D+00  1.5D+00  1.137D-02  1.340D+01
  118  123     0     0  con    1  4.9D-01  1.1D+00  2.963D-02  1.338D+01
  119  124     0     0  con    0  1.0D+00  1.3D+00  2.957D-02  1.336D+01
  120  125     0     0  con    0  1.0D+00  6.5D-01  9.511D-03  1.334D+01
  121  126     0     0  con    0  1.0D+00  6.6D-01  6.546D-03  1.333D+01
  122  127     0     0  con    0  1.0D+00  1.4D-01  4.926D-03  1.332D+01
  123  128     0     0  con    0  1.0D+00  9.8D-01  1.043D-02  1.331D+01
  124  129     0     0  con    0  1.0D+00  1.8D+00  1.719D-02  1.328D+01
  125  130     0     0  con    0  1.0D+00  3.4D+00  2.046D-02  1.326D+01
  126  131     0     0  con    0  1.0D+00  1.4D+00  8.325D-03  1.322D+01
  127  132     0     0  con    0  1.0D+00  6.8D-01  5.906D-03  1.321D+01
  128  133     0     0  con    0  1.0D+00  2.8D-01  6.399D-03  1.320D+01
  129  134     0     0  con    0  1.0D+00  2.7D-01  6.679D-03  1.320D+01
  130  135     0     0  con    0  1.0D+00  1.1D+00  1.270D-02  1.317D+01
  131  136     0     0  con    0  1.0D+00  2.0D+00  1.425D-02  1.315D+01
  132  137     0     0  con    0  1.0D+00  2.7D+00  1.382D-02  1.312D+01
  133  138     0     0  con    0  1.0D+00  3.0D-01  1.239D-02  1.311D+01
  134  139     0     0  con    0  1.0D+00  4.7D-01  1.024D-02  1.310D+01
  135  140     0     0  con    0  1.0D+00  3.1D-01  8.765D-03  1.309D+01
  136  141     0     0  con    0  1.0D+00  1.4D+00  1.161D-02  1.307D+01
  137  142     0     0  con    0  1.0D+00  2.1D+00  1.702D-02  1.305D+01
  138  143     0     0  con    0  1.0D+00  1.5D+00  1.041D-02  1.303D+01
  139  144     0     0  con    0  1.0D+00  4.4D-01  1.009D-02  1.301D+01
  140  145     0     0  con    0  1.0D+00  3.4D-01  8.885D-03  1.301D+01
  141  146     0     0  con    0  1.0D+00  3.7D-01  7.557D-03  1.300D+01
  142  147     0     0  con    0  1.0D+00  1.2D+00  8.862D-03  1.298D+01
  143  148     0     0  con    0  1.0D+00  1.9D+00  1.912D-02  1.296D+01
  144  149     0     0  con    0  1.0D+00  9.4D-01  7.671D-03  1.294D+01
  145  150     0     0  con    0  1.0D+00  8.4D-01  6.789D-03  1.293D+01
  146  151     0     0  con    0  1.0D+00  7.9D-01  6.777D-03  1.292D+01
  147  152     0     0  con    0  1.0D+00  1.2D+00  9.469D-03  1.291D+01
  148  153     0     0  con    0  1.0D+00  8.3D-01  9.050D-03  1.290D+01
  149  154     0     0  con    0  1.0D+00  7.3D-01  8.154D-03  1.288D+01
  150  155     0     0  con    0  1.0D+00  9.0D-01  8.234D-03  1.287D+01
  151  156     0     0  con    0  1.0D+00  5.3D-01  6.800D-03  1.286D+01
  152  157     0     0  con    0  1.0D+00  1.1D+00  8.227D-03  1.285D+01
  153  158     0     0  con    0  1.0D+00  1.7D+00  1.648D-02  1.283D+01
  154  159     0     0  con    0  1.0D+00  1.0D+00  8.228D-03  1.282D+01
  155  160     0     0  con    0  1.0D+00  3.6D-01  6.347D-03  1.281D+01
  156  161     0     0  con    0  1.0D+00  4.9D-01  4.322D-03  1.280D+01
  157  162     0     0  con    0  1.0D+00  9.6D-01  6.733D-03  1.279D+01
  158  163     0     0  con    0  1.0D+00  1.0D+00  6.752D-03  1.278D+01
  159  164     0     0  con    0  1.0D+00  2.1D+00  1.543D-02  1.277D+01
  160  165     0     0  con    0  1.0D+00  7.2D-01  7.222D-03  1.275D+01
  161  166     0     0  con    0  1.0D+00  4.8D-01  7.050D-03  1.275D+01
  162  167     0     0  con    0  1.0D+00  9.1D-01  7.666D-03  1.274D+01
  163  168     0     0  con    0  1.0D+00  8.1D-01  1.288D-02  1.273D+01
  164  169     0     0  con    0  1.0D+00  5.3D-01  8.690D-03  1.272D+01
  165  170     0     0  con    0  1.0D+00  1.7D+00  6.243D-03  1.270D+01
  166  171     0     0  con    0  1.0D+00  8.7D-01  1.349D-02  1.270D+01
  167  172     0     0  con    0  1.0D+00  3.3D-01  6.518D-03  1.269D+01
  168  173     0     0  con    0  1.0D+00  5.4D-01  7.097D-03  1.268D+01
  169  174     0     0  con    0  1.0D+00  1.2D+00  8.799D-03  1.267D+01
  170  175     0     0  con    0  1.0D+00  1.1D+00  1.038D-02  1.266D+01
  171  176     0     0  con    0  1.0D+00  1.2D+00  7.597D-03  1.265D+01
  172  177     0     0  con    0  1.0D+00  8.1D-01  3.717D-03  1.264D+01
  173  178     0     0  con    0  1.0D+00  8.1D-01  8.130D-03  1.263D+01
  174  179     0     0  con    0  1.0D+00  1.0D+00  9.349D-03  1.263D+01
  175  180     0     0  con    0  1.0D+00  5.5D-01  5.089D-03  1.262D+01
  176  181     0     0  con    0  1.0D+00  7.1D-01  6.232D-03  1.260D+01
  177  182     0     0  con    0  1.0D+00  8.2D-01  7.220D-03  1.260D+01
  178  183     0     0  con    0  1.0D+00  1.2D+00  7.206D-03  1.259D+01
  179  184     0     0  con    0  1.0D+00  9.0D-01  6.108D-03  1.258D+01
  180  185     0     0  con    0  1.0D+00  1.4D+00  4.714D-03  1.257D+01
  181  186     0     0  con    0  1.0D+00  7.0D-01  9.089D-03  1.256D+01
  182  187     0     0  con    0  1.0D+00  3.9D-01  3.946D-03  1.256D+01
  183  188     0     0  con    0  1.0D+00  6.1D-01  5.401D-03  1.255D+01
  184  189     0     0  con    0  1.0D+00  7.4D-01  9.156D-03  1.254D+01
  185  190     0     0  con    0  1.0D+00  1.4D+00  1.264D-02  1.253D+01
  186  191     0     0  con    0  1.0D+00  9.9D-01  1.128D-02  1.252D+01
  187  192     0     0  con    0  1.0D+00  3.2D-01  7.838D-03  1.251D+01
  188  193     0     0  con    0  1.0D+00  1.2D+00  6.767D-03  1.251D+01
  189  194     0     0  con    0  1.0D+00  4.9D-01  7.070D-03  1.250D+01
  190  195     0     0  con    0  1.0D+00  1.4D+00  5.428D-03  1.249D+01
  191  196     0     0  con    0  1.0D+00  1.2D+00  7.941D-03  1.249D+01
  192  197     0     0  con    0  1.0D+00  3.9D-01  5.849D-03  1.248D+01
  193  198     0     0  con    0  1.0D+00  6.7D-01  5.209D-03  1.247D+01
  194  199     0     0  con    0  1.0D+00  6.9D-01  7.878D-03  1.246D+01
  195  200     0     0  con    0  1.0D+00  1.1D+00  1.035D-02  1.246D+01
  196  201     0     0  con    0  1.0D+00  3.1D-01  4.374D-03  1.245D+01
  197  202     0     0  con    0  1.0D+00  2.9D-01  3.304D-03  1.245D+01
  198  203     0     0  con    0  1.0D+00  1.0D+00  5.076D-03  1.244D+01
  199  204     0     0  con    0  1.0D+00  7.5D-01  6.436D-03  1.243D+01
  200  205     0     0  con    0  1.0D+00  1.8D+00  7.038D-03  1.243D+01
  201  206     0     0  con    0  1.0D+00  4.9D-01  4.992D-03  1.242D+01
  202  207     0     0  con    0  1.0D+00  3.9D-01  3.804D-03  1.242D+01
  203  208     0     0  con    0  1.0D+00  4.5D-01  5.337D-03  1.241D+01
  204  209     0     0  con    0  1.0D+00  1.1D+00  8.278D-03  1.241D+01
  205  210     0     0  con    0  1.0D+00  7.4D-01  6.656D-03  1.240D+01
  206  211     0     0  con    0  1.0D+00  6.3D-01  4.687D-03  1.239D+01
  207  212     0     0  con    0  1.0D+00  1.1D+00  5.683D-03  1.239D+01
  208  213     0     0  con    0  1.0D+00  6.6D-01  6.747D-03  1.238D+01
  209  214     0     0  con    0  1.0D+00  8.7D-01  7.319D-03  1.238D+01
  210  215     0     0  con    0  1.0D+00  9.7D-01  5.951D-03  1.237D+01
  211  216     0     0  con    0  1.0D+00  4.0D-01  4.705D-03  1.236D+01
  212  217     0     0  con    0  1.0D+00  2.0D-01  3.283D-03  1.236D+01
  213  218     0     0  con    0  1.0D+00  4.6D-01  6.497D-03  1.236D+01
  214  219     0     0  con    0  1.0D+00  4.5D-01  7.119D-03  1.235D+01
  215  220     0     0  con    0  1.0D+00  9.7D-01  6.575D-03  1.235D+01
  216  221     0     0  con    0  1.0D+00  1.8D+00  1.244D-02  1.234D+01
  217  222     0     0  con    0  1.0D+00  4.7D-01  3.661D-03  1.233D+01
  218  223     0     0  con    0  1.0D+00  3.0D-01  2.789D-03  1.233D+01
  219  224     0     0  con    0  1.0D+00  3.7D-01  3.098D-03  1.233D+01
  220  225     0     0  con    0  1.0D+00  3.7D-01  4.649D-03  1.233D+01
  221  226     0     0  con    0  1.0D+00  5.9D-01  6.468D-03  1.232D+01
  222  227     0     0  con    0  1.0D+00  9.7D-01  8.514D-03  1.231D+01
  223  228     0     0  con    0  1.0D+00  1.6D+00  6.565D-03  1.231D+01
  224  229     0     0  con    0  1.0D+00  4.8D-01  4.141D-03  1.230D+01
  225  230     0     0  con    0  1.0D+00  4.5D-01  3.710D-03  1.230D+01
  226  231     0     0  con    0  1.0D+00  6.7D-01  3.822D-03  1.230D+01
  227  232     0     0  con    0  1.0D+00  6.6D-01  7.629D-03  1.229D+01
  228  233     0     0  con    0  1.0D+00  4.5D-01  3.652D-03  1.229D+01
  229  234     0     0  con    0  1.0D+00  3.8D-01  3.193D-03  1.229D+01
  230  235     0     0  con    0  1.0D+00  6.0D-01  4.641D-03  1.228D+01
  231  236     0     0  con    0  1.0D+00  8.2D-01  6.020D-03  1.228D+01
  232  237     0     0  con    0  1.0D+00  5.5D-01  3.347D-03  1.227D+01
  233  238     0     0  con    0  1.0D+00  4.2D-01  2.722D-03  1.227D+01
  234  239     0     0  con    0  1.0D+00  6.5D-01  3.869D-03  1.227D+01
  235  240     0     0  con    0  1.0D+00  4.0D-01  3.912D-03  1.226D+01
  236  241     0     0  con    0  1.0D+00  7.8D-01  4.293D-03  1.226D+01
  237  242     0     0  con    0  1.0D+00  1.1D+00  6.532D-03  1.226D+01
  238  243     0     0  con    0  1.0D+00  4.6D-01  3.288D-03  1.225D+01
  239  244     0     0  con    0  1.0D+00  6.2D-01  3.442D-03  1.225D+01
  240  245     0     0  con    0  1.0D+00  7.3D-01  3.875D-03  1.225D+01
  241  247     0     0  con    1  4.9D-01  8.1D-01  5.789D-03  1.224D+01
  242  248     0     0  con    0  1.0D+00  3.8D-01  3.385D-03  1.224D+01
  243  249     0     0  con    0  1.0D+00  7.5D-01  2.860D-03  1.224D+01
  244  250     0     0  con    0  1.0D+00  8.6D-01  3.981D-03  1.223D+01
  245  251     0     0  con    0  1.0D+00  5.7D-01  4.920D-03  1.223D+01
  246  252     0     0  con    0  1.0D+00  4.5D-01  4.532D-03  1.223D+01
  247  253     0     0  con    0  1.0D+00  6.4D-01  5.269D-03  1.222D+01
  248  254     0     0  con    0  1.0D+00  6.7D-01  3.721D-03  1.222D+01
  249  255     0     0  con    0  1.0D+00  6.9D-01  2.017D-03  1.222D+01
  250  256     0     0  con    0  1.0D+00  6.0D-01  2.007D-03  1.221D+01
  251  257     0     0  con    0  1.0D+00  3.6D-01  2.587D-03  1.221D+01
  252  258     0     0  con    0  1.0D+00  8.5D-01  3.778D-03  1.221D+01
  253  259     0     0  con    0  1.0D+00  8.0D-01  8.006D-03  1.221D+01
  254  260     0     0  con    0  1.0D+00  2.3D-01  2.494D-03  1.220D+01
  255  261     0     0  con    0  1.0D+00  2.7D-01  2.141D-03  1.220D+01
  256  262     0     0  con    0  1.0D+00  2.5D-01  2.890D-03  1.220D+01
  257  263     0     0  con    0  1.0D+00  4.5D-01  3.738D-03  1.220D+01
  258  264     0     0  con    0  1.0D+00  9.5D-01  5.933D-03  1.219D+01
  259  265     0     0  con    0  1.0D+00  8.2D-01  3.621D-03  1.219D+01
  260  266     0     0  con    0  1.0D+00  2.7D-01  2.645D-03  1.219D+01
  261  267     0     0  con    0  1.0D+00  5.3D-01  2.124D-03  1.219D+01
  262  268     0     0  con    0  1.0D+00  2.4D-01  2.668D-03  1.219D+01
  263  269     0     0  con    0  1.0D+00  7.7D-01  2.995D-03  1.218D+01
  264  270     0     0  con    0  1.0D+00  1.1D+00  1.228D-02  1.218D+01
  265  271     0     0  con    0  1.0D+00  5.0D-01  2.982D-03  1.218D+01
  266  272     0     0  con    0  1.0D+00  2.5D-01  2.713D-03  1.218D+01
  267  273     0     0  con    0  1.0D+00  3.1D-01  2.527D-03  1.217D+01
  268  274     0     0  con    0  1.0D+00  3.2D-01  2.345D-03  1.217D+01
  269  275     0     0  con    0  1.0D+00  6.0D-01  5.379D-03  1.217D+01
  270  276     0     0  con    0  1.0D+00  7.8D-01  3.809D-03  1.217D+01
  271  277     0     0  con    0  1.0D+00  2.4D-01  2.673D-03  1.217D+01
  272  278     0     0  con    0  1.0D+00  3.5D-01  2.015D-03  1.216D+01
  273  279     0     0  con    0  1.0D+00  3.7D-01  2.723D-03  1.216D+01
  274  280     0     0  con    0  1.0D+00  7.5D-01  3.881D-03  1.216D+01
  275  281     0     0  con    0  1.0D+00  5.7D-01  3.674D-03  1.216D+01
  276  282     0     0  con    0  1.0D+00  2.0D-01  3.211D-03  1.216D+01
  277  283     0     0  con    0  1.0D+00  4.4D-01  2.567D-03  1.215D+01
  278  284     0     0  con    0  1.0D+00  2.0D-01  2.278D-03  1.215D+01
  279  285     0     0  con    0  1.0D+00  6.3D-01  3.820D-03  1.215D+01
  280  287     0     0  con    1  5.0D-01  4.5D-01  5.765D-03  1.215D+01
  281  288     0     0  con    0  1.0D+00  5.4D-01  2.568D-03  1.215D+01
  282  289     0     0  con    0  1.0D+00  4.7D-01  1.571D-03  1.215D+01
  283  290     0     0  con    0  1.0D+00  3.5D-01  2.306D-03  1.214D+01
  284  291     0     0  con    0  1.0D+00  5.4D-01  3.195D-03  1.214D+01
  285  292     0     0  con    0  1.0D+00  6.1D-01  4.627D-03  1.214D+01
  286  293     0     0  con    0  1.0D+00  3.0D-01  2.510D-03  1.214D+01
  287  294     0     0  con    0  1.0D+00  2.6D-01  1.525D-03  1.214D+01
  288  295     0     0  con    0  1.0D+00  3.5D-01  2.002D-03  1.214D+01
  289  296     0     0  con    0  1.0D+00  4.7D-01  5.119D-03  1.213D+01
  290  297     0     0  con    0  1.0D+00  3.7D-01  3.185D-03  1.213D+01
  291  298     0     0  con    0  1.0D+00  3.6D-01  2.628D-03  1.213D+01
  292  299     0     0  con    0  1.0D+00  5.1D-01  3.484D-03  1.213D+01
  293  300     0     0  con    0  1.0D+00  5.1D-01  4.139D-03  1.213D+01
  294  301     0     0  con    0  1.0D+00  5.2D-01  2.357D-03  1.213D+01
  295  302     0     0  con    0  1.0D+00  2.6D-01  1.701D-03  1.213D+01
  296  303     0     0  con    0  1.0D+00  4.4D-01  3.032D-03  1.212D+01
  297  304     0     0  con    0  1.0D+00  1.9D-01  3.549D-03  1.212D+01
  298  305     0     0  con    0  1.0D+00  5.5D-01  3.497D-03  1.212D+01
  299  306     0     0  con    0  1.0D+00  9.3D-01  5.005D-03  1.212D+01
  300  307     0     0  con    0  1.0D+00  1.4D-01  1.942D-03  1.212D+01
  301  308     0     0  con    0  1.0D+00  3.6D-01  1.859D-03  1.212D+01
  302  309     0     0  con    0  1.0D+00  2.8D-01  1.474D-03  1.212D+01
  303  310     0     0  con    0  1.0D+00  6.4D-01  2.279D-03  1.211D+01
  304  311     0     0  con    0  1.0D+00  6.8D-01  3.870D-03  1.211D+01
  305  312     0     0  con    0  1.0D+00  3.2D-01  2.854D-03  1.211D+01
  306  313     0     0  con    0  1.0D+00  2.1D-01  3.063D-03  1.211D+01
  307  314     0     0  con    0  1.0D+00  3.9D-01  3.040D-03  1.211D+01
  308  315     0     0  con    0  1.0D+00  1.6D-01  2.574D-03  1.211D+01
  309  316     0     0  con    0  1.0D+00  3.8D-01  2.742D-03  1.211D+01
  310  317     0     0  con    0  1.0D+00  6.9D-01  6.216D-03  1.211D+01
  311  318     0     0  con    0  1.0D+00  4.7D-01  2.123D-03  1.210D+01
  312  319     0     0  con    0  1.0D+00  2.0D-01  1.617D-03  1.210D+01
  313  320     0     0  con    0  1.0D+00  3.3D-01  1.754D-03  1.210D+01
  314  321     0     0  con    0  1.0D+00  3.3D-01  2.285D-03  1.210D+01
  315  322     0     0  con    0  1.0D+00  6.5D-01  4.056D-03  1.210D+01
  316  324     0     0  con    1  3.3D-01  3.1D-01  3.430D-03  1.210D+01
  317  325     0     0  con    0  1.0D+00  2.9D-01  1.414D-03  1.210D+01
  318  326     0     0  con    0  1.0D+00  2.5D-01  1.185D-03  1.210D+01
  319  327     0     0  con    0  1.0D+00  2.6D-01  1.423D-03  1.210D+01
  320  328     0     0  con    0  1.0D+00  2.0D-01  2.285D-03  1.209D+01
  321  329     0     0  con    0  1.0D+00  4.9D-01  2.953D-03  1.209D+01
  322  330     0     0  con    0  1.0D+00  6.0D-01  3.400D-03  1.209D+01
  323  331     0     0  con    0  1.0D+00  2.5D-01  1.425D-03  1.209D+01
  324  332     0     0  con    0  1.0D+00  4.0D-01  1.137D-03  1.209D+01
  325  333     0     0  con    0  1.0D+00  2.4D-01  2.348D-03  1.209D+01
  326  334     0     0  con    0  1.0D+00  5.3D-01  3.117D-03  1.209D+01
  327  335     0     0  con    0  1.0D+00  3.6D-01  2.215D-03  1.209D+01
  328  336     0     0  con    0  1.0D+00  2.7D-01  1.680D-03  1.209D+01
  329  337     0     0  con    0  1.0D+00  3.0D-01  2.413D-03  1.208D+01
  330  338     0     0  con    0  1.0D+00  2.4D-01  1.853D-03  1.208D+01
  331  339     0     0  con    0  1.0D+00  2.6D-01  1.684D-03  1.208D+01
  332  340     0     0  con    0  1.0D+00  6.1D-01  2.009D-03  1.208D+01
  333  341     0     0  con    0  1.0D+00  5.7D-01  4.170D-03  1.208D+01
